3000,76559,1,0
3000,76014,2,0
3000,76015,3,0
3000,76016,4,0
3000,76013,5,0
3000,76402,6,0
3000,76054,7,0
3000,76063,8,0
3000,76064,9,0
3000,76065,10,0
3000,76403,11,0
3000,76400,12,0
3000,76046,13,0
3000,76081,14,0
3000,76074,15,0
3000,76300,16,0
3000,76143,17,0
3000,76087,18,0
3000,76089,19,0
3000,76172,20,0
3000,76414,21,0
3000,76175,22,0
3000,76405,23,0
3000,76124,24,0
3000,76125,25,0
3000,76131,26,0
3000,76126,27,0
3000,76127,28,0
3000,76128,29,0
3000,76200,30,0
3000,76204,31,0
3000,76136,32,0
3000,76145,33,0
3000,76146,34,0
3000,76147,35,0
3000,76148,36,0
3000,76141,37,0
3000,76155,38,0
3000,76278,39,0
3000,76277,40,1
3001,76559,1,0
3001,76001,2,0
3001,76002,3,0
3001,76003,4,0
3001,76004,5,0
3001,76005,6,0
3001,76006,7,0
3001,76008,8,0
3001,76009,9,0
3001,76010,10,0
3001,76213,11,0
3001,76214,12,0
3001,76020,13,0
3001,76021,14,0
3001,76022,15,0
3001,76132,16,0
3001,76023,17,0
3001,76024,18,0
3001,76025,19,0
3001,76026,20,0
3001,76245,21,0
3001,76248,22,0
3001,76249,23,0
3001,76031,24,0
3001,76251,25,0
3001,76300,26,0
3001,76304,27,0
3001,76034,28,0
3001,76035,29,0
3001,76408,30,0
3001,76409,31,0
3001,76037,32,0
3001,76038,33,0
3001,76039,34,0
3001,76040,35,0
3001,76041,36,0
3001,76313,37,0
3001,76042,38,0
3001,76043,39,0
3001,76044,40,1
3100,76080,1,0
3100,76014,2,0
3100,76015,3,0
3100,76016,4,0
3100,76176,5,0
3100,76177,6,0
3100,76178,7,0
3100,76407,8,0
3100,76365,9,0
3100,76366,10,0
3100,76367,11,0
3100,76368,12,0
3100,76369,13,0
3100,76371,14,0
3100,76373,15,0
3100,76374,16,0
3100,76408,17,0
3100,76409,18,0
3100,76037,19,0
3100,76038,20,0
3100,76039,21,0
3100,76040,22,0
3100,76185,23,0
3100,76186,24,1
3300,76080,1,0
3300,76091,2,0
3300,76092,3,0
3300,76093,4,0
3300,76094,5,0
3300,76095,6,0
3300,76175,7,0
3300,76027,8,0
3300,76028,9,0
3300,76083,10,0
3300,76084,11,0
3300,76191,12,0
3300,76120,13,0
3300,76121,14,0
3300,76245,15,0
3300,76248,16,0
3300,76249,17,0
3300,76031,18,0
3300,76251,19,0
3300,76304,20,0
3300,76034,21,0
3300,76035,22,0
3300,76408,23,0
3300,76305,24,0
3300,76307,25,0
3300,76308,26,0
3300,76309,27,0
3300,76310,28,0
3300,76311,29,1
3301,76080,1,0
3301,76067,2,0
3301,76068,3,0
3301,76069,4,0
3301,76070,5,0
3301,76071,6,0
3301,76078,7,0
3301,76088,8,0
3301,76046,9,0
3301,76081,10,0
3301,76074,11,0
3301,76143,12,0
3301,76087,13,0
3301,76089,14,0
3301,76172,15,0
3301,76414,16,0
3301,76175,17,0
3301,76027,18,0
3301,76028,19,0
3301,76083,20,0
3301,76084,21,0
3301,76191,22,0
3301,76120,23,0
3301,76121,24,0
3301,76123,25,0
3301,76139,26,0
3301,76140,27,0
3301,76153,28,0
3301,76166,29,1
3500,76080,1,0
3500,76194,2,0
3500,76195,3,0
3500,76006,4,0
3500,76008,5,0
3500,76009,6,0
3500,76399,7,0
3500,76446,8,0
3500,76447,9,0
3500,76448,10,0
3500,76449,11,0
3500,76450,12,0
3500,76451,13,0
3500,76452,14,0
3500,76453,15,0
3500,76454,16,0
3500,76455,17,0
3500,76456,18,0
3500,76457,19,0
3500,76458,20,0
3500,76459,21,0
3500,76460,22,0
3500,76461,23,0
3500,76462,24,1
3501,76080,1,0
3501,76164,2,0
3501,76224,3,0
3501,76225,4,0
3501,76226,5,0
3501,76228,6,0
3501,76229,7,0
3501,76230,8,0
3501,76231,9,0
3501,76232,10,0
3501,76233,11,0
3501,76234,12,0
3501,76235,13,0
3501,76241,14,0
3501,76242,15,0
3501,76243,16,0
3501,76238,17,0
3501,76239,18,0
3501,76401,19,0
3501,76136,20,0
3501,76145,21,0
3501,76146,22,0
3501,76147,23,0
3501,76423,24,0
3501,76150,25,1
3600,76080,1,0
3600,76194,2,0
3600,76420,3,0
3600,76216,4,0
3600,76218,5,0
3600,76219,6,0
3600,76220,7,0
3600,76221,8,0
3600,76001,9,0
3600,76002,10,0
3600,76003,11,0
3600,76156,12,0
3600,76157,13,0
3600,76158,14,0
3600,76159,15,0
3600,76167,16,0
3600,76179,17,0
3600,76160,18,0
3600,76163,19,0
3600,76406,20,0
3600,76165,21,0
3600,76246,22,0
3600,76247,23,0
3600,76278,24,0
3600,76277,25,0
3600,76209,26,0
3600,76210,27,0
3600,76168,28,0
3600,76169,29,0
3600,76170,30,0
3600,76171,31,0
3600,76150,32,1
3800,76083,1,0
3800,76084,2,0
3800,76191,3,0
3800,76120,4,0
3800,76121,5,0
3800,76405,6,0
3800,76124,7,0
3800,76125,8,0
3800,76131,9,0
3800,76416,10,0
3800,76201,11,0
3800,76434,12,0
3800,76433,13,0
3800,76440,14,0
3800,76441,15,0
3800,76442,16,0
3800,76435,17,0
3800,76429,18,0
3800,76438,19,0
3800,76431,20,0
3800,76085,21,1
3801,76083,1,0
3801,76439,2,0
3801,76426,3,0
3801,76436,4,0
3801,76443,5,0
3801,76444,6,0
3801,76445,7,0
3801,76430,8,0
3801,76427,9,0
3801,76428,10,0
3801,76437,11,0
3801,76132,12,0
3801,76023,13,0
3801,76024,14,0
3801,76025,15,0
3801,76026,16,0
3801,76027,17,0
3801,76028,18,0
3801,76085,19,1
4000,76080,1,0
4000,76194,2,0
4000,76195,3,0
4000,76006,4,0
4000,76008,5,0
4000,76292,6,0
4000,76293,7,0
4000,76294,8,0
4000,76295,9,0
4000,76296,10,0
4000,76297,11,0
4000,76298,12,0
4000,76299,13,0
4000,76098,14,0
4000,76027,15,0
4000,76192,16,0
4000,76099,17,0
4000,76124,18,0
4000,76125,19,0
4000,76131,20,0
4000,76126,21,0
4000,76127,22,0
4000,76128,23,0
4000,76200,24,0
4000,76204,25,0
4000,76136,26,0
4000,76145,27,0
4000,76146,28,0
4000,76147,29,0
4000,76423,30,0
4000,76150,31,1
4001,76080,1,0
4001,76194,2,0
4001,76195,3,0
4001,76006,4,0
4001,76008,5,0
4001,76009,6,0
4001,76010,7,0
4001,76213,8,0
4001,76214,9,0
4001,76020,10,0
4001,76021,11,0
4001,76022,12,0
4001,76132,13,0
4001,76023,14,0
4001,76024,15,0
4001,76025,16,0
4001,76205,17,0
4001,76206,18,0
4001,76121,19,0
4001,76197,20,0
4001,76198,21,0
4001,76199,22,0
4001,76109,23,0
4001,76110,24,0
4001,76111,25,0
4001,76112,26,0
4001,76113,27,0
4001,76146,28,0
4001,76147,29,0
4001,76423,30,0
4001,76150,31,1
4300,76080,1,0
4300,76189,2,0
4300,76190,3,0
4300,76193,4,0
4300,76292,5,0
4300,76293,6,0
4300,76294,7,0
4300,76295,8,0
4300,76296,9,0
4300,76297,10,0
4300,76298,11,0
4300,76299,12,0
4300,76098,13,0
4300,76027,14,0
4300,76028,15,0
4300,76083,16,0
4300,76439,17,0
4300,76426,18,0
4300,76436,19,0
4300,76443,20,0
4300,76444,21,0
4300,76445,22,0
4300,76430,23,0
4300,76395,24,0
4300,76427,25,0
4300,76396,26,0
4300,76222,27,0
4300,76223,28,0
4300,76224,29,0
4300,76303,30,0
4300,76230,31,0
4300,76231,32,0
4300,76232,33,0
4300,76233,34,0
4300,76234,35,0
4300,76235,36,0
4300,76241,37,0
4300,76242,38,0
4300,76243,39,0
4300,76238,40,0
4300,76239,41,0
4300,76136,42,0
4300,76145,43,0
4300,76114,44,0
4300,76115,45,0
4300,76116,46,1
10000,76560,1,0
10000,76018,2,0
10000,76290,3,0
10000,76142,4,1
10001,76142,1,0
10001,76007,2,0
10001,76560,3,1
11500,76560,1,0
11500,76253,2,0
11500,76344,3,0
11500,76345,4,0
11500,76346,5,0
11500,76257,6,0
11500,76364,7,0
11500,76407,8,0
11500,76180,9,0
11500,76181,10,0
11500,76417,11,0
11500,76184,12,0
11500,76183,13,0
11500,76054,14,0
11500,76185,15,0
11500,76186,16,0
11500,76290,17,0
11500,76142,18,1
13000,76559,1,0
13000,76253,2,0
13000,76344,3,0
13000,76345,4,0
13000,76346,5,0
13000,76257,6,0
13000,76118,7,0
13000,76266,8,0
13000,76018,9,0
13000,76290,10,0
13000,76142,11,1
13001,76142,1,0
13001,76007,2,0
13001,76119,3,0
13001,76261,4,0
13001,76410,5,0
13001,76411,6,0
13001,76412,7,0
13001,76262,8,0
13001,76559,9,1
