'RS-H23-ROUSGTF-Semaine-01',2000003600,54400,0,'Delson',0,5600,4,'',0,400,0,'Delson',0,1700,4,'',0,300,0,'Delson',0,1800,4,'',0,200,0,'Delson',0,5800,4,'',0,700,0,'Delson',0,1800,4,'',0,300,0,'Delson',0,1700,4,'',0,200,0,'Delson',0,5700,4,'',0,500,0,'Delson',0,1600,4,'',0,1200,0,'Delson',0,1600,4,'',0
'RS-H23-ROUSGTF-Semaine-01',2000003601,161400,0,'Delson',0,1700,4,'',0,100,0,'Delson',0,1700,4,'',0,300,0,'Delson',0,5800,4,'',0,900,0,'Delson',0,1800,4,'',0,200,0,'Delson',0,1800,4,'',0,200,0,'Delson',0,5700,4,'',0,500,0,'Delson',0,1600,4,'',0,300,0,'Delson',0,1600,4,'',0,4400,0,'Delson',0,1600,4,'',0
'RS-H23-ROUSGTF-Semaine-02',2000003600,54400,0,'Delson',0,5600,4,'',0,400,0,'Delson',0,1700,4,'',0,300,0,'Delson',0,1800,4,'',0,200,0,'Delson',0,5800,4,'',0,700,0,'Delson',0,1800,4,'',0,300,0,'Delson',0,1700,4,'',0,200,0,'Delson',0,5700,4,'',0,500,0,'Delson',0,1600,4,'',0,1200,0,'Delson',0,1600,4,'',0
'RS-H23-ROUSGTF-Semaine-02',2000003601,161400,0,'Delson',0,1700,4,'',0,100,0,'Delson',0,1700,4,'',0,300,0,'Delson',0,5800,4,'',0,900,0,'Delson',0,1800,4,'',0,200,0,'Delson',0,1800,4,'',0,200,0,'Delson',0,5700,4,'',0,500,0,'Delson',0,1600,4,'',0,300,0,'Delson',0,1600,4,'',0,4400,0,'Delson',0,1600,4,'',0
'RS-H23-ROUSGTF-Semaine-01',2000003900,60200,,'',0,1800,4,'',0,200,,'',0,1800,4,'',0,200,,'',0,5800,4,'',0,200,,'',0,1800,4,'',0,200,,'',0,1800,4,'',0,1200,,'',0,5800,4,'',0,82000,,'',0,1800,4,'',0,200,,'',0,5800,4,'',0,500,,'',0,1800,4,'',0,200,,'',0,1800,4,'',0,600,,'',0,5800,4,'',0,200,,'',0,1800,4,'',0
'RS-H23-ROUSGTF-Semaine-02',2000003900,60200,,'',0,1800,4,'',0,200,,'',0,1800,4,'',0,200,,'',0,5800,4,'',0,200,,'',0,1800,4,'',0,200,,'',0,1800,4,'',0,1200,,'',0,5800,4,'',0,82000,,'',0,1800,4,'',0,200,,'',0,5800,4,'',0,500,,'',0,1800,4,'',0,200,,'',0,1800,4,'',0,600,,'',0,5800,4,'',0,200,,'',0,1800,4,'',0
'RS-H23-ROUSGTF-Semaine-01',2000004100,155000,4,'',0,7000,4,'',0,3000,4,'',0
'RS-H23-ROUSGTF-Semaine-01',2000004101,63000,,'',0,7000,,'',0,3000,,'',0
'RS-H23-ROUSGTF-Semaine-02',2000004100,155000,4,'',0,7000,4,'',0,3000,4,'',0
'RS-H23-ROUSGTF-Semaine-02',2000004101,63000,,'',0,7000,,'',0,3000,,'',0
'RS-H23-ROUSGTF-Semaine-01',2000004200,63500,,'',0,7000,,'',0,3000,,'',0
'RS-H23-ROUSGTF-Semaine-01',2000004201,154200,4,'',0,7000,4,'',0,3000,4,'',0
'RS-H23-ROUSGTF-Semaine-02',2000004200,63500,,'',0,7000,,'',0,3000,,'',0
'RS-H23-ROUSGTF-Semaine-02',2000004201,154200,4,'',0,7000,4,'',0,3000,4,'',0
'RS-H23-ROUSGTF-Dimanche-01',2000004300,73500,,'',0,7400,4,'',0,12600,,'',0,7400,4,'',0,12600,,'',0,7400,4,'',0,12600,,'',0,7400,4,'',0,12600,,'',0,7400,4,'',0,12600,,'',0,7400,4,'',0
'RS-H23-ROUSGTF-Fête-1-01',2000004300,73500,,'',0,7400,4,'',0,12600,,'',0,7400,4,'',0,12600,,'',0,7400,4,'',0,12600,,'',0,7400,4,'',0,12600,,'',0,7400,4,'',0,12600,,'',0,7400,4,'',0
'RS-H23-ROUSGTF-Samedi-01',2000004300,73500,,'',0,7400,4,'',0,12600,,'',0,7400,4,'',0,12600,,'',0,7400,4,'',0,12600,,'',0,7400,4,'',0,12600,,'',0,7400,4,'',0,12600,,'',0,7400,4,'',0
'RS-H23-ROUSGTF-Semaine-01',2000004300,194900,,'',0,7700,4,'',0,2700,,'',0,7700,4,'',0,2300,,'',0,7700,4,'',0,2300,,'',0,7700,4,'',0,2300,,'',0,7700,4,'',0,2300,,'',0,7700,4,'',0
'RS-H23-ROUSGTF-Semaine-02',2000004300,194900,,'',0,7700,4,'',0,2700,,'',0,7700,4,'',0,2300,,'',0,7700,4,'',0,2300,,'',0,7700,4,'',0,2300,,'',0,7700,4,'',0,2300,,'',0,7700,4,'',0
