'LRRS-H23-GTFSLRR-Semaine-02',13500,161900,,'',0,1900,,'',0,2100,,'',0,7100,,'',0,7000,,'',0,3800,,'',0,6500,,'',0
'LRRS-H23-GTFSLRR-Semaine-02',13501,54900,4,'',0,8100,4,'',0,2000,4,'',0,7100,4,'',0,3200,4,'',0,6500,4,'',0,2500,4,'',0
'LRRS-H23-GTFSLRR-Semaine-02',14600,50700,,'',0,4500,,'',0,6000,,'',0,2200,,'',0,2000,,'',0,5500,,'',0,1600,,'',0,3200,,'',0,6500,,'',0,2500,,'',0,8800,,'',0,10000,,'',0,10000,,'',0,10000,,'',0,10000,,'',0,10000,,'',0,10000,,'',0,2200,,'',0,6500,,'',0,1900,,'',0,6100,,'',0,1600,,'',0,1500,,'',0,7000,,'',0,3800,,'',0,6500,,'',0,2900,,'',0,10000,,'',0,10000,,'',0,10000,,'',0,10000,,'',0,11300,,'',0
'LRRS-H23-GTFSLRR-Semaine-02',14601,54900,4,'',0,8200,4,'',0,2000,4,'',0,7100,4,'',0,3200,4,'',0,6500,4,'',0,2500,4,'',0,8500,4,'',0,9500,4,'',0,10500,4,'',0,10000,4,'',0,10000,4,'',0,10000,4,'',0,10100,4,'',0,8900,4,'',0,1900,4,'',0,2100,4,'',0,5800,4,'',0,1300,4,'',0,1900,4,'',0,5100,4,'',0,2200,4,'',0,1600,4,'',0,6500,4,'',0,2700,4,'',0,10000,4,'',0,10000,4,'',0,9500,4,'',0,10000,4,'',0,12000,4,'',0,10000,4,'',0
'LRRS-H23-GTFSLRR-Week-end-02',14600,64000,,'',0,11500,,'',0,16000,,'',0,12000,,'',0,12000,,'',0,16000,,'',0,18500,,'',0,12000,,'',0,12000,,'',0,11300,,'',0,16000,,'',0,12000,,'',0,12000,,'',0,16000,,'',0,12000,,'',0
'LRRS-H23-GTFSLRR-Week-end-02',14601,63700,4,'',0,11500,4,'',0,16000,4,'',0,12000,4,'',0,12000,4,'',0,16000,4,'',0,14500,4,'',0,16000,4,'',0,12000,4,'',0,11300,4,'',0,16000,4,'',0,12000,4,'',0,12000,4,'',0,16000,4,'',0,12000,4,'',0
'LRRS-H23-GTFSLRR-Semaine-02',14700,51000,,'',0,4200,,'',0,8200,,'',0,2000,,'',0,5600,,'',0,1500,,'',0,3200,,'',0,6500,,'',0,2500,,'',0,11100,,'',0,10000,,'',0,10000,,'',0,10000,,'',0,10000,,'',0,10000,,'',0,9200,,'',0,7200,,'',0,1900,,'',0,6100,,'',0,3100,,'',0,1500,,'',0,5500,,'',0,3800,,'',0,6500,,'',0,5200,,'',0,10000,,'',0,10000,,'',0,10000,,'',0,10000,,'',0,16800,,'',0
'LRRS-H23-GTFSLRR-Semaine-02',14701,54900,4,'',0,8200,4,'',0,2000,4,'',0,7100,4,'',0,2200,4,'',0,1000,4,'',0,6500,4,'',0,2500,4,'',0,10200,4,'',0,10000,4,'',0,10000,4,'',0,10000,4,'',0,10000,4,'',0,10000,4,'',0,10000,4,'',0,7300,4,'',0,1900,4,'',0,2100,4,'',0,6300,4,'',0,800,4,'',0,1400,4,'',0,5600,4,'',0,2200,4,'',0,1600,4,'',0,6500,4,'',0,4300,4,'',0,10100,4,'',0,10000,4,'',0,9500,4,'',0,10000,4,'',0,18000,4,'',0
'LRRS-H23-GTFSLRR-Week-end-02',14700,60300,,'',0,11500,,'',0,12000,,'',0,12000,,'',0,16000,,'',0,12000,,'',0,17000,,'',0,12900,,'',0,12000,,'',0,16000,,'',0,11600,,'',0,12000,,'',0,16000,,'',0,12000,,'',0,12000,,'',0
'LRRS-H23-GTFSLRR-Week-end-02',14701,71400,4,'',0,12000,4,'',0,12000,4,'',0,16000,4,'',0,12000,4,'',0,17000,4,'',0,13000,4,'',0,12000,4,'',0,16000,4,'',0,11500,4,'',0,12000,4,'',0,16000,4,'',0,12000,4,'',0,12000,4,'',0,16000,4,'',0
