'RS-H23-ROUSGTF-Semaine-01',3300,155600,0,'Ste-Catherine<>St-Constant',0,5900,0,'Ste-Catherine<>St-Constant',0,1300,4,'',0,1100,0,'Ste-Catherine<>St-Constant',0,1000,4,'',0,6300,0,'Ste-Catherine<>St-Constant',0,200,4,'',0,2400,0,'Ste-Catherine<>St-Constant',0,1100,4,'',0,6500,4,'',0,100,0,'Ste-Catherine<>St-Constant',0,2500,0,'Ste-Catherine<>St-Constant',0,900,4,'',0,1000,0,'Ste-Catherine<>St-Constant',0,5400,4,'',0,900,0,'Ste-Catherine<>St-Constant',0,200,4,'',0,3100,4,'',0
'RS-H23-ROUSGTF-Semaine-01',3301,52600,0,'Ste-Catherine<>St-Constant',0,1200,0,'Ste-Catherine<>St-Constant',0,1300,4,'',0,6100,4,'',0,1000,0,'Ste-Catherine<>St-Constant',0,1700,0,'Ste-Catherine<>St-Constant',0,1700,4,'',0,5200,0,'Ste-Catherine<>St-Constant',0,500,4,'',0,2800,0,'Ste-Catherine<>St-Constant',0,200,4,'',0,6500,0,'Ste-Catherine<>St-Constant',0,800,4,'',0,800,0,'Ste-Catherine<>St-Constant',0,1900,4,'',0,1400,4,'',0
'RS-H23-ROUSGTF-Semaine-02',3300,155600,0,'Ste-Catherine<>St-Constant',0,5900,0,'Ste-Catherine<>St-Constant',0,1300,4,'',0,1100,0,'Ste-Catherine<>St-Constant',0,1000,4,'',0,6300,0,'Ste-Catherine<>St-Constant',0,200,4,'',0,2400,0,'Ste-Catherine<>St-Constant',0,1100,4,'',0,6500,4,'',0,100,0,'Ste-Catherine<>St-Constant',0,2500,0,'Ste-Catherine<>St-Constant',0,900,4,'',0,1000,0,'Ste-Catherine<>St-Constant',0,5400,4,'',0,900,0,'Ste-Catherine<>St-Constant',0,200,4,'',0,3100,4,'',0
'RS-H23-ROUSGTF-Semaine-02',3301,52600,0,'Ste-Catherine<>St-Constant',0,1200,0,'Ste-Catherine<>St-Constant',0,1300,4,'',0,6100,4,'',0,1000,0,'Ste-Catherine<>St-Constant',0,1700,0,'Ste-Catherine<>St-Constant',0,1700,4,'',0,5200,0,'Ste-Catherine<>St-Constant',0,500,4,'',0,2800,0,'Ste-Catherine<>St-Constant',0,200,4,'',0,6500,0,'Ste-Catherine<>St-Constant',0,800,4,'',0,800,0,'Ste-Catherine<>St-Constant',0,1900,4,'',0,1400,4,'',0
'RS-H23-ROUSGTF-Semaine-01',3401,52900,,'',0,1900,,'',0,400,4,'',0,5000,,'',0,1000,4,'',0,1200,,'',0,200,4,'',0,600,,'',0,1600,,'',0,800,4,'',0,4600,,'',0,1000,4,'',0,600,,'',0,900,4,'',0,600,,'',0,900,4,'',0,600,,'',0,900,4,'',0,4600,,'',0,900,4,'',0,700,,'',0,700,4,'',0,800,,'',0,800,4,'',0,1500,4,'',0,76000,,'',0,1400,,'',0,1000,,'',0,1600,4,'',0,4400,,'',0,600,4,'',0,700,,'',0,1300,4,'',0,400,,'',0,800,4,'',0,100,,'',0,1600,4,'',0,4500,,'',0,400,4,'',0,800,,'',0,1300,4,'',0,500,,'',0,600,4,'',0,500,,'',0,1200,4,'',0,4700,,'',0,400,4,'',0,1500,,'',0,400,4,'',0,1900,4,'',0
'RS-H23-ROUSGTF-Semaine-02',3401,52900,,'',0,1900,,'',0,400,4,'',0,5000,,'',0,1000,4,'',0,1200,,'',0,200,4,'',0,600,,'',0,1600,,'',0,800,4,'',0,4600,,'',0,1000,4,'',0,600,,'',0,900,4,'',0,600,,'',0,900,4,'',0,600,,'',0,900,4,'',0,4600,,'',0,900,4,'',0,700,,'',0,700,4,'',0,800,,'',0,800,4,'',0,1500,4,'',0,76000,,'',0,1400,,'',0,1000,,'',0,1600,4,'',0,4400,,'',0,600,4,'',0,700,,'',0,1300,4,'',0,400,,'',0,800,4,'',0,100,,'',0,1600,4,'',0,4500,,'',0,400,4,'',0,800,,'',0,1300,4,'',0,500,,'',0,600,4,'',0,500,,'',0,1200,4,'',0,4700,,'',0,400,4,'',0,1500,,'',0,400,4,'',0,1900,4,'',0
'RS-H23-ROUSGTF-Semaine-01',3600,93500,,'',0,1800,4,'',0,8200,,'',0,1800,4,'',0,8200,,'',0,1800,4,'',0,8700,,'',0,1700,4,'',0,8300,,'',0,1700,4,'',0,8800,,'',0,5700,4,'',0
'RS-H23-ROUSGTF-Semaine-02',3600,93500,,'',0,1800,4,'',0,8200,,'',0,1800,4,'',0,8200,,'',0,1800,4,'',0,8700,,'',0,1700,4,'',0,8300,,'',0,1700,4,'',0,8800,,'',0,5700,4,'',0
'RS-H23-ROUSGTF-Dimanche-01',4300,183400,,'',0,7400,4,'',0,12600,,'',0,7400,4,'',0,12600,,'',0,7400,4,'',0,12400,,'',0,7400,4,'',0
'RS-H23-ROUSGTF-Fête-1-01',4300,183400,,'',0,7400,4,'',0,12600,,'',0,7400,4,'',0,12600,,'',0,7400,4,'',0,12400,,'',0,7400,4,'',0
'RS-H23-ROUSGTF-Samedi-01',4300,183400,,'',0,7400,4,'',0,12600,,'',0,7400,4,'',0,12600,,'',0,7400,4,'',0,12400,,'',0,7400,4,'',0
'RS-H23-ROUSGTF-Semaine-01',4300,85500,,'',0,7800,4,'',0,2200,,'',0,7800,4,'',0,2200,,'',0,7800,4,'',0,6700,,'',0,3800,4,'',0,6200,,'',0,3800,4,'',0,6700,,'',0,3800,4,'',0,6200,,'',0,3800,4,'',0,900,,'',0,7800,4,'',0
'RS-H23-ROUSGTF-Semaine-02',4300,85500,,'',0,7800,4,'',0,2200,,'',0,7800,4,'',0,2200,,'',0,7800,4,'',0,6700,,'',0,3800,4,'',0,6200,,'',0,3800,4,'',0,6700,,'',0,3800,4,'',0,6200,,'',0,3800,4,'',0,900,,'',0,7800,4,'',0
