'RS-H23-ROUSGTF-Semaine-01',10000,63500,4,'',0,10000,4,'',0,7000,4,'',0,4500,4,'',0,80000,4,'',0,8500,4,'',0,10500,4,'',0
'RS-H23-ROUSGTF-Semaine-01',10001,80200,,'',0,3000,,'',0,80000,,'',0,8000,,'',0,2000,,'',0,7000,,'',0
'RS-H23-ROUSGTF-Dimanche-01',13000,73400,4,'',0,10000,4,'',0,10000,4,'',0,10000,4,'',0,10000,4,'',0,10000,4,'',0,10000,4,'',0,10000,4,'',0,10000,4,'',0,10000,4,'',0,10000,4,'',0,10000,4,'',0,10000,4,'',0,20000,4,'',0,10000,4,'',0,10000,4,'',0
'RS-H23-ROUSGTF-Dimanche-01',13001,81000,,'',0,9800,,'',0,10200,,'',0,9800,,'',0,10200,,'',0,9800,,'',0,10200,,'',0,9800,,'',0,10200,,'',0,10000,,'',0,10000,,'',0,10000,,'',0,10000,,'',0,20000,,'',0,10000,,'',0,10000,,'',0
'RS-H23-ROUSGTF-Fête-1-01',13000,73400,4,'',0,10000,4,'',0,10000,4,'',0,10000,4,'',0,10000,4,'',0,10000,4,'',0,10000,4,'',0,10000,4,'',0,10000,4,'',0,10000,4,'',0,10000,4,'',0,10000,4,'',0,10000,4,'',0,20000,4,'',0,10000,4,'',0,10000,4,'',0
'RS-H23-ROUSGTF-Fête-1-01',13001,81000,,'',0,9800,,'',0,10200,,'',0,9800,,'',0,10200,,'',0,9800,,'',0,10200,,'',0,9800,,'',0,10200,,'',0,10000,,'',0,10000,,'',0,10000,,'',0,10000,,'',0,20000,,'',0,10000,,'',0,10000,,'',0,4000,,'',0
'RS-H23-ROUSGTF-Samedi-01',13000,73400,4,'',0,10000,4,'',0,10000,4,'',0,10000,4,'',0,10000,4,'',0,10000,4,'',0,10000,4,'',0,10000,4,'',0,10000,4,'',0,10000,4,'',0,10000,4,'',0,10000,4,'',0,10000,4,'',0,20000,4,'',0,10000,4,'',0,10000,4,'',0
'RS-H23-ROUSGTF-Samedi-01',13001,81000,,'',0,9800,,'',0,10200,,'',0,9800,,'',0,10200,,'',0,9800,,'',0,10200,,'',0,9800,,'',0,10200,,'',0,10000,,'',0,10000,,'',0,10000,,'',0,10000,,'',0,20000,,'',0,10000,,'',0,10000,,'',0,4000,,'',0
'RS-H23-ROUSGTF-Semaine-01',13000,95900,4,'',0,10000,4,'',0,10000,4,'',0,14500,4,'',0,10000,4,'',0,11000,4,'',0,44000,4,'',0,10000,4,'',0,10200,4,'',0,10000,4,'',0,10000,4,'',0,10000,4,'',0
'RS-H23-ROUSGTF-Semaine-01',13001,93000,,'',0,10500,,'',0,10000,,'',0,10000,,'',0,10500,,'',0,10000,,'',0,48500,,'',0,10500,,'',0,10000,,'',0,10000,,'',0,10000,,'',0,10000,,'',0,10000,,'',0
