3000,76080,1,0
3000,76014,2,0
3000,76015,3,0
3000,76016,4,0
3000,76402,5,0
3000,76054,6,0
3000,76063,7,0
3000,76064,8,0
3000,76065,9,0
3000,76403,10,0
3000,76400,11,0
3000,76046,12,0
3000,76081,13,0
3000,76075,14,0
3000,76143,15,0
3000,76087,16,0
3000,76089,17,0
3000,76104,18,0
3000,76105,19,0
3000,76120,20,0
3000,76404,21,0
3000,76405,22,0
3000,76124,23,0
3000,76125,24,0
3000,76126,25,0
3000,76127,26,0
3000,76128,27,0
3000,76129,28,0
3000,76130,29,0
3000,76222,30,0
3000,76223,31,0
3000,76215,32,0
3000,76419,33,0
3000,76135,34,0
3000,76136,35,0
3000,76145,36,0
3000,76146,37,0
3000,76147,38,0
3000,76148,39,0
3000,76141,40,0
3000,76155,41,0
3000,76278,42,0
3000,76090,43,1
3001,76080,1,0
3001,76002,2,0
3001,76003,3,0
3001,76004,4,0
3001,76005,5,0
3001,76006,6,0
3001,76008,7,0
3001,76009,8,0
3001,76010,9,0
3001,76401,10,0
3001,76011,11,0
3001,76161,12,0
3001,76422,13,0
3001,76164,14,0
3001,76017,15,0
3001,76018,16,0
3001,76019,17,0
3001,76020,18,0
3001,76021,19,0
3001,76022,20,0
3001,76023,21,0
3001,76024,22,0
3001,76025,23,0
3001,76026,24,0
3001,76027,25,0
3001,76418,26,0
3001,76029,27,0
3001,76030,28,0
3001,76031,29,0
3001,76251,30,0
3001,76304,31,0
3001,76034,32,0
3001,76035,33,0
3001,76408,34,0
3001,76409,35,0
3001,76037,36,0
3001,76038,37,0
3001,76039,38,0
3001,76040,39,0
3001,76041,40,0
3001,76042,41,0
3001,76043,42,0
3001,76044,43,0
3001,76090,44,1
3100,76080,1,0
3100,76014,2,0
3100,76173,3,0
3100,76015,4,0
3100,76016,5,0
3100,76176,6,0
3100,76177,7,0
3100,76178,8,0
3100,76407,9,0
3100,76180,10,0
3100,76181,11,0
3100,76417,12,0
3100,76184,13,0
3100,76183,14,0
3100,76054,15,0
3100,76185,16,0
3100,76186,17,0
3100,76090,18,1
3200,76080,1,0
3200,76067,2,0
3200,76079,3,0
3200,76413,4,0
3200,76403,5,0
3200,76400,6,0
3200,76046,7,0
3200,76047,8,0
3200,76425,9,0
3200,76049,10,0
3200,76050,11,0
3200,76051,12,0
3200,76052,13,0
3200,76038,14,0
3200,76039,15,0
3200,76040,16,0
3200,76076,17,0
3200,76055,18,0
3200,76056,19,0
3200,76057,20,0
3200,76058,21,0
3200,76059,22,0
3200,76060,23,0
3200,76188,24,0
3200,76061,25,0
3200,76062,26,0
3200,76043,27,0
3200,76044,28,0
3200,76090,29,1
3300,76080,1,0
3300,76194,2,0
3300,76195,3,0
3300,76006,4,0
3300,76008,5,0
3300,76292,6,0
3300,76293,7,0
3300,76294,8,0
3300,76295,9,0
3300,76296,10,0
3300,76297,11,0
3300,76298,12,0
3300,76299,13,0
3300,76098,14,0
3300,76027,15,0
3300,76028,16,0
3300,76083,17,0
3300,76084,18,0
3300,76191,19,0
3300,76120,20,0
3300,76121,21,0
3300,76245,22,0
3300,76248,23,0
3300,76249,24,0
3300,76031,25,0
3300,76251,26,0
3300,76304,27,0
3300,76034,28,0
3300,76306,29,0
3300,76307,30,0
3300,76308,31,0
3300,76309,32,0
3300,76310,33,0
3300,76311,34,0
3300,76090,35,1
3301,76080,1,0
3301,76067,2,0
3301,76068,3,0
3301,76069,4,0
3301,76070,5,0
3301,76071,6,0
3301,76072,7,0
3301,76073,8,0
3301,76074,9,0
3301,76143,10,0
3301,76087,11,0
3301,76089,12,0
3301,76172,13,0
3301,76414,14,0
3301,76175,15,0
3301,76027,16,0
3301,76028,17,0
3301,76083,18,0
3301,76084,19,0
3301,76191,20,0
3301,76120,21,0
3301,76121,22,0
3301,76197,23,0
3301,76198,24,0
3301,76199,25,0
3301,76109,26,0
3301,76110,27,0
3301,76111,28,0
3301,76112,29,0
3301,76113,30,0
3301,76146,31,0
3301,76147,32,0
3301,76423,33,0
3301,76150,34,0
3301,76090,35,1
3401,76080,1,0
3401,76091,2,0
3401,76092,3,0
3401,76093,4,0
3401,76094,5,0
3401,76095,6,0
3401,76175,7,0
3401,76027,8,0
3401,76192,9,0
3401,76099,10,0
3401,76415,11,0
3401,76106,12,0
3401,76107,13,0
3401,76108,14,0
3401,76109,15,0
3401,76110,16,0
3401,76111,17,0
3401,76112,18,0
3401,76113,19,0
3401,76114,20,0
3401,76115,21,0
3401,76116,22,0
3401,76117,23,0
3401,76090,24,1
3501,76080,1,0
3501,76194,2,0
3501,76195,3,0
3501,76006,4,0
3501,76008,5,0
3501,76009,6,0
3501,76010,7,0
3501,76401,8,0
3501,76213,9,0
3501,76214,10,0
3501,76020,11,0
3501,76021,12,0
3501,76217,13,0
3501,76416,14,0
3501,76201,15,0
3501,76203,16,0
3501,76222,17,0
3501,76223,18,0
3501,76224,19,0
3501,76225,20,0
3501,76226,21,0
3501,76228,22,0
3501,76229,23,0
3501,76230,24,0
3501,76231,25,0
3501,76232,26,0
3501,76233,27,0
3501,76234,28,0
3501,76235,29,0
3501,76236,30,0
3501,76237,31,0
3501,76238,32,0
3501,76239,33,0
3501,76136,34,0
3501,76145,35,0
3501,76146,36,0
3501,76147,37,0
3501,76423,38,0
3501,76150,39,0
3501,76090,40,1
3600,76080,1,0
3600,76001,2,0
3600,76002,3,0
3600,76003,4,0
3600,76156,5,0
3600,76157,6,0
3600,76158,7,0
3600,76159,8,0
3600,76160,9,0
3600,76163,10,0
3600,76406,11,0
3600,76165,12,0
3600,76209,13,0
3600,76210,14,0
3600,76168,15,0
3600,76169,16,0
3600,76170,17,0
3600,76171,18,0
3600,76150,19,0
3600,76090,20,1
3601,76080,1,0
3601,76194,2,0
3601,76420,3,0
3601,76216,4,0
3601,76218,5,0
3601,76219,6,0
3601,76220,7,0
3601,76221,8,0
3601,76157,9,0
3601,76158,10,0
3601,76159,11,0
3601,76160,12,0
3601,76163,13,0
3601,76406,14,0
3601,76165,15,0
3601,76246,16,0
3601,76247,17,0
3601,76278,18,0
3601,76277,19,0
3601,76090,20,1
3700,76080,1,0
3700,76253,2,0
3700,76344,3,0
3700,76345,4,0
3700,76346,5,0
3700,76257,6,0
3700,76364,7,0
3700,76407,8,0
3700,76180,9,0
3700,76181,10,0
3700,76417,11,0
3700,76184,12,0
3700,76183,13,0
3700,76054,14,0
3700,76185,15,0
3700,76186,16,0
3700,76090,17,1
3800,76083,1,0
3800,76084,2,0
3800,76191,3,0
3800,76120,4,0
3800,76121,5,0
3800,76405,6,0
3800,76124,7,0
3800,76125,8,0
3800,76131,9,0
3800,76416,10,0
3800,76201,11,0
3800,76434,12,0
3800,76433,13,0
3800,76435,14,0
3800,76429,15,0
3800,76438,16,0
3800,76431,17,1
3801,76083,1,0
3801,76432,2,0
3801,76439,3,0
3801,76426,4,0
3801,76436,5,0
3801,76430,6,0
3801,76427,7,0
3801,76428,8,0
3801,76437,9,0
3801,76132,10,0
3801,76023,11,0
3801,76024,12,0
3801,76025,13,0
3801,76026,14,0
3801,76027,15,0
3801,76028,16,1
3900,76080,1,0
3900,76269,2,0
3900,76270,3,0
3900,76271,4,0
3900,76272,5,0
3900,76273,6,0
3900,76274,7,0
3900,76275,8,0
3900,76276,9,0
3900,76090,10,1
10000,76080,1,0
10000,76007,2,0
10000,76142,3,1
10001,76142,1,0
10001,76007,2,0
10001,76090,3,1
13000,76080,1,0
13000,76253,2,0
13000,76344,3,0
13000,76345,4,0
13000,76346,5,0
13000,76257,6,0
13000,76118,7,0
13000,76266,8,0
13000,76007,9,0
13000,76142,10,1
13001,76142,1,0
13001,76007,2,0
13001,76119,3,0
13001,76261,4,0
13001,76410,5,0
13001,76411,6,0
13001,76412,7,0
13001,76262,8,0
13001,76090,9,1
20000,76080,1,0
20000,76122,2,0
20000,76280,3,0
20000,76424,4,0
20000,76279,5,0
20000,76149,6,0
20000,76281,7,0
20000,76421,8,0
20000,76283,9,0
20000,76090,10,1
20001,76080,1,0
20001,76122,2,0
20001,76149,3,0
20001,76279,4,0
20001,76424,5,0
20001,76280,6,0
20001,76281,7,0
20001,76421,8,0
20001,76283,9,0
20001,76090,10,1
21000,76080,1,0
21000,76066,2,0
21000,76137,3,0
21000,76138,4,0
21000,76090,5,1
21001,76080,1,0
21001,76077,2,0
21001,76012,3,0
21001,76066,4,0
21001,76090,5,1
